Features drifting
4
4
4
5
4
3
4
3
4
4
5
4
4
3
4
5
4
4
3
4
3
4
4
4
3
8
10
9
9
9
9
9
9
9
10
9
9
9
10
9
9
9
7
8
8
7
7
7
7
7
7
7
7
7
7
7
8
7
8
9
9
9
9
8
8
10
8
9
8
10
9
8
9
10
9
7
8
8
8
7
7
7
6
7
6
6
8
7
7
6
7
8
8
5
4
4
5
4
5
5
4
4
4
4
5
4
5
4
4
6
8
7
6
6
7
7
5
6
5
7
5
6
5
7
7
7
6
6
6
6
7
7
